-7.2492 -0.0141 6.6577
-5.8438 -0.0141 5.9703
-6.8949 -0.3583 6.338
-5.9251 -0.3164 5.9634
-4.9697 -0.0141 5.9
-5.0408 -0.4664 5.9311
-6.0406 -0.5822 5.6161
-4.3502 -0.9455 6.0821
-5.1307 -0.8073 5.6419
3.1783 1.9702 1.6331
3.1493 2.1911 2.5372
3.6656 2.0961 1.3269
2.1688 2.641 6.0157
1.9961 2.0943 6.0307
2.431 2.8872 6.7528
-6.2728 -0.9012 4.0908
3.9912 2.1593 0.45
4.2211 2.0758 0.7525
-4.3838 -1.3086 5.8352
-5.4603 -1.1474 4.3215
-8.0915 1.0713 3.2507
-7.3435 1.0156 1.4222
-7.5895 0.7828 2.8759
1.8837 2.7495 7.6876
1.6446 2.495 6.7998
0.7824 2.8924 7.5931
-2.4588 3.072 8.4816
-3.3999 2.9403 8.6654
-2.5941 3.0135 9.4401
10.9179 -0.2875 10.5711
11.7259 -0.2785 10.606
11.0859 0.1656 10.6494
-4.9231 -1.5412 4.5861
-8.4536 0.3874 7.6016
-8.2258 -0.0141 7.4488
-8.8177 0.0359 8.5094
6.1898 2.4574 7.7749
6.7267 1.8085 7.2186
5.6833 2.5714 6.8464
-3.8549 -1.803 6.0722
-4.0427 -1.9529 5.4816
-6.2937 -1.1439 3.4595
-6.5857 -0.9172 3.4253
6.0947 0.8878 6.3666
6.247 -0.0141 6.0473
5.1618 0.8551 5.9535
-4.7379 -1.9573 4.6515
5.7117 1.8442 5.9108
5.2597 1.8613 5.5249
5.2791 2.5874 6.0959
-21.8011 -0.3181 11.1145
-21.9359 0.1725 11.0834
-22.0779 -0.4311 10.7953
3.5898 1.9211 0.377
11.7108 -0.4269 10.4491
11.7413 0.35 10.4693
11.3202 -0.2029 10.2813
-6.1084 -1.5423 3.5484
3.2344 1.0475 1.7032
2.9847 1.5255 1.6875
3.3454 0.9623 0.9193
-9.0357 0.7842 8.5586
8.5124 2.3175 12.6299
8.3262 2.3801 11.8844
7.7743 2.1518 12.0646
-4.0427 1.9247 5.4816
-4.738 1.929 4.6515
-3.8892 2.4137 5.6178
-4.7148 -2.2841 4.7218
4.4545 1.0412 0.1402
4.8514 1.9202 0.18
5.2513 1.7243 0.1755
-6.9045 1.0632 0.5078
-6.9432 1.6907 0.4669
-6.4275 1.2034 0.0844
-7.0524 0.7522 2.9797
-7.706 0.8911 3.463
-1.4991 2.6607 6.9683
-2.4021 2.5748 7.1013
-2.0235 2.9479 7.6783
-4.9644 -1.389 0.1033
-5.2956 -1.3325 0.0564
-5.0992 -1.0884 0.1414
-6.5216 -1.3021 2.7797
3.6843 3.184 8.4025
3.9004 3.0864 9.3657
4.3203 3.1686 8.1484
-0.6069 1.3623 5.3695
-1.6179 1.1934 5.5698
-0.5796 2.0453 5.8285
11.256 1.635 11.7685
10.5496 2.216 11.6876
11.1046 1.7008 12.7027
11.7574 -0.7271 12.8498
11.7472 -0.7218 12.869
11.9137 -1.6419 13.1879
3.0739 1.7955 12.2265
3.1007 2.4767 11.4163
2.0287 1.8529 11.9689
7.103 2.1015 11.4687
6.3862 2.2301 11.0567
7.0774 1.8535 12.2296
10.6511 1.7822 13.1214
10.2783 2.157 12.6933
-5.6159 2.6776 4.9746
-6.4012 2.6204 4.98
-5.4094 2.977 5.9551
8.484 2.0052 13.2871
4.2261 2.4475 4.3619
4.6055 2.455 5.1431
4.35 2.0228 4.3267
-8.6371 1.2789 11.5166
-9.3988 0.8589 11.413
-9.1239 0.4688 11.8988
9.4253 -1.5241 14.4291
9.2887 -1.9257 14.4366
9.8424 -2.503 15.1285
-6.6623 -1.7734 2.8033
1.9982 2.8823 8.4793
2.6417 2.8288 7.938
-3.6244 2.1561 6.0858
-3.5227 2.5308 6.2887
-6.3417 -2.0223 3.6435
-6.2804 1.8779 0.9503
-6.0914 2.0075 0.7647
-6.3314 2.1919 0.4691
-1.174 3.0925 8.4341
-0.3774 2.9378 7.5573
9.8903 -2.54 15.0537
9.5206 -1.8136 14.5019
10.0481 -2.1304 14.994
9.2771 -2.5068 12.8247
9.6154 -2.3628 12.7854
9.5797 -2.1283 13.2655
8.8873 -2.4275 13.7369
8.5163 -1.5991 13.7286
8.4839 -2.0335 13.287
-7.2731 1.6864 12.1988
-7.165 0.8045 12.537
-5.6683 1.5666 12.4358
-21.7021 -0.6341 10.6291
-21.3486 -0.6462 10.9257
11.7568 -0.7204 12.9001
11.7397 -0.7181 12.9139
11.9976 -1.5588 13.3484
-6.4972 -1.3628 2.005
-2.3603 -0.0141 13.2026
-2.3047 0.7227 12.9584
-4.1641 -0.0141 13.1562
9.2254 2.6326 13.917
9.8424 2.4747 15.1284
9.6446 2.6839 14.294
10.2783 -2.1853 12.6933
10.6511 -1.8105 13.1214
-1.1736 -3.1208 8.4341
-2.4588 -3.1003 8.4816
-2.0236 -2.9762 7.6783
-6.6115 -1.7248 1.9499
8.7745 -1.2519 13.9885
-6.1684 -1.3677 1.0482
-6.2804 -1.9062 0.9503
12.1711 -0.856 11.0298
11.6518 -1.0929 11.4984
11.8074 -1.1179 10.7643
11.2299 0.8655 12.6426
11.2551 0.6835 12.5976
11.6074 0.8237 12.5157
9.6406 0.2304 9.6169
8.5335 0.2366 8.9716
9.2554 0.8524 9.6253
5.3205 1.2578 5.7285
4.7226 1.9901 5.0244
-4.714 2.6858 5.1558
-4.7147 2.2559 4.7219
-5.3928 2.345 4.4257
12.1388 -0.7965 11.1432
12.1147 -0.8025 11.1318
12.1473 -0.7864 11.1192
8.8094 2.0969 10.5264
8.1648 1.9436 10.1295
8.5697 2.3567 11.1272
6.8643 1.0731 7.1771
7.326 0.4931 7.4678
7.069 0.0163 6.7681
-6.065 2.1783 0.2235
-6.3271 1.8631 0.1078
4.934 -0.6569 0.3842
5.1694 -0.9484 0.4859
4.7236 -0.7105 0.174
-7.879 2.0738 6.0615
-7.6829 1.8954 5.0251
-7.8689 1.6744 5.5481
-7.042 0.5719 6.0277
-6.8949 0.3301 6.338
-7.9422 1.1705 6.3839
4.3593 2.1166 0.1754
3.9995 1.3644 0.0135
3.5973 1.4836 0.0871
11.1283 -0.4196 13.6087
11.6498 -0.5644 13.1357
10.9135 -0.0141 13.7755
-6.8318 -1.9274 1.6749
4.4447 1.0805 0.9149
5.1694 0.9201 0.4859
5.1391 1.1715 0.8553
11.4118 1.2174 12.0309
11.4493 1.0904 12.0038
11.5616 0.6755 11.8835
-6.9971 -1.9964 2.5785
2.9408 1.8975 1.934
2.8535 1.6488 1.8615
-0.8487 3.0069 9.4921
0.8401 2.9994 8.4067
-3.2418 1.6853 12.1645
-1.1647 1.1944 12.5927
0.8329 1.783 11.9857
0.6721 2.6105 6.7984
-3.5227 -2.5591 6.2887
-3.5115 -2.9567 7.0437
-3.9539 -2.8688 6.0528
-6.9243 -2.1545 3.5164
-7.5679 -1.975 2.8895
10.1184 -2.4071 12.01
9.335 -2.5841 12.002
10.5495 -2.2443 11.6876
10.1699 -0.8758 14.0233
9.7084 -0.8744 14.1601
9.9657 -1.3005 14.3557
5.2757 2.2948 11.3244
5.043 2.6697 10.3778
3.978 2.4546 11.426
-9.5348 0.9049 10.858
-9.0918 1.0251 10.7298
9.5777 1.4695 14.2136
10.2014 1.245 13.7993
9.5489 1.4441 13.8576
4.2141 1.553 4.4768
4.5867 1.4225 5.0862
3.8401 1.2339 4.494
-5.3925 -2.3733 4.4259
2.9852 0.1383 12.3849
3.0376 1.1822 12.4125
1.7709 0.2877 12.5083
6.4423 2.3813 9.6397
6.023 2.4518 10.2756
7.1544 2.1874 10.3547
-6.0021 -2.3689 4.2088
12.058 0.921 11.101
11.8074 1.0897 10.7643
11.6518 1.0645 11.4984
-14.9991 -0.0141 10.0207
-17.5371 -0.4939 10.2178
-18.8873 -0.0141 10.0781
-7.1564 2.7547 9.6445
-8.0567 2.4934 9.6622
-8.1352 2.3451 10.4519
4.934 0.6286 0.3842
4.7236 0.6822 0.174
-5.6161 -2.7057 4.9741
-4.714 -2.7141 5.1558
4.2955 -0.6603 0.4262
-6.4012 -2.6487 4.98
0.9021 2.6639 10.3734
2.0694 2.715 10.4285
0.9166 2.8977 9.477
-2.5764 1.7668 6.4215
-1.5403 1.9355 6.0796
-2.6096 1.1547 5.9516
12.0527 0.2433 12.1442
11.5188 0.7636 12.1488
11.9413 0.3238 12.7242
10.1428 1.7785 14.7011
-7.1669 -2.4216 5.1766
3.3083 2.8414 4.338
2.7995 2.7905 4.6825
3.4555 3.1939 5.7743
-7.4478 -2.0477 3.8194
8.7745 1.2236 13.9885
9.2887 1.8974 14.4366
8.5163 1.5709 13.7286
9.2254 -2.6608 13.917
9.2598 -2.3667 14.3025
11.246 -1.3872 12.0676
11.5097 -1.388 12.2556
11.2235 -1.4108 12.2368
-8.1883 -1.5168 3.2256
-6.8319 1.899 1.6753
-7.0717 1.8579 1.2995
-7.8713 -1.6694 4.0104
10.0352 2.0436 15.0677
10.0481 2.1022 14.9941
9.8903 2.5118 15.0536
-11.3425 -0.0141 11.7436
-11.5661 -0.4225 11.54
-8.8421 -0.0141 12.1062
8.0408 1.5979 9.4075
7.2514 1.6652 8.4849
7.54 1.9602 9.6935
10.8322 1.8634 11.2407
-3.8779 0.5893 6.0164
-4.3502 0.9172 6.0821
-8.2613 -1.3693 3.1804
11.7269 0.7012 12.8999
11.9976 1.5305 13.3484
11.744 0.7035 12.8862
4.7055 2.9857 9.1958
-3.9095 -0.0141 5.9108
11.3524 0.583 11.876
11.3449 0.747 11.7914
11.5945 0.6078 12.0286
-5.5447 2.018 0.0246
-5.2956 1.3041 0.0564
4.0026 2.0239 1.2887
3.8704 2.1528 2.2194
4.1568 1.8566 1.5667
-7.0718 -1.8861 1.2998
12.262 0.4617 10.6778
12.1353 0.0816 10.585
11.8789 0.7471 10.4456
6.2519 1.8937 11.7663
6.2225 1.4892 12.3092
9.3978 2.4865 11.3066
-15.4506 -0.0141 11.3913
5.3663 1.5133 0.4184
5.1664 1.1471 0.1686
3.5348 2.2376 2.3487
-6.9432 -1.719 0.4669
10.7597 0.1171 10.3588
11.148 -0.0233 10.5082
10.7597 -0.141 10.3586
10.771 0.2138 10.3953
10.7522 0.2263 10.4494
11.2053 1.2168 12.5365
-8.2354 1.6376 6.548
-7.3694 -1.2827 1.2116
-5.1874 2.3316 11.7432
-5.8947 2.49 11.5925
-6.2391 2.0552 12.0907
10.599 1.5536 10.7292
11.3237 0.9992 10.4601
-6.765 -1.9346 0.4123
4.9384 1.9618 0.498
5.1853 1.8305 0.6524
-6.3314 -2.2202 0.4691
2.1041 2.8871 9.4348
3.0082 3.1414 6.7485
2.9896 3.002 7.964
11.3503 -1.2082 12.0309
11.2701 -1.2936 12.0996
11.4413 -1.3644 11.9333
-3.5762 -3.1141 7.7219
-3.274 -2.8116 7.8086
10.007 0.1175 14.1575
11.1282 0.3913 13.6088
10.1748 0.8479 14.014
-5.6731 0.7008 0.2387
-6.491 0.8074 0.3777
-9.0991 -0.1317 9.4723
-9.1384 0.625 9.3735
-6.9045 -1.0916 0.5076
11.3999 0.7499 10.3611
11.4191 0.4503 10.0702
2.9851 2.7743 10.5018
3.9587 2.7855 10.461
3.1509 2.9729 9.5377
11.3524 -0.6113 11.876
11.5945 -0.6361 12.0286
11.3449 -0.7753 11.7914
-9.1241 -0.497 11.8988
-8.6371 -1.3072 11.5166
-8.2541 -0.7217 12.1866
-7.3437 -1.0438 1.4226
11.3562 -1.2195 12.3876
11.2201 -1.5903 12.2933
11.2529 -1.3011 12.3512
-9.3988 -0.8871 11.413
11.905 -0.0141 10.3462
11.8248 -0.2862 10.3625
11.9646 -0.2545 10.5788
9.9811 -1.8039 13.4549
10.393 -1.3072 13.6633
9.2154 0.9321 14.1627
9.1701 -0.0141 14.2858
9.7084 0.8461 14.1601
-6.4912 -0.8357 0.3778
-7.087 -0.8876 1.4347
4.8792 -2.1822 0.2558
4.3592 -2.1449 0.1753
4.8514 -1.9484 0.18
10.7517 -0.2543 10.4494
10.7207 -0.1472 10.4672
9.5897 2.3264 13.4616
9.3384 2.0696 13.5739
9.5797 2.1001 13.2655
-21.9252 -0.0141 10.3243
-21.8727 -0.4069 10.3812
-22.1951 0.1804 10.7219
9.2335 1.8576 13.9143
9.6011 2.3814 14.6547
9.5206 1.7853 14.5019
11.5922 1.0544 11.9336
-7.5895 -0.8111 2.876
-8.0915 -1.0996 3.2508
11.3021 -1.1447 11.8147
11.5922 -1.0828 11.9336
11.2738 -1.2937 11.9194
-3.2837 1.5408 6.4472
11.2738 1.2654 11.9194
11.246 1.3589 12.0676
11.5097 1.3597 12.2555
-8.8538 1.7472 10.2853
-16.6079 -0.6835 10.9341
-16.6947 -0.4102 11.183
4.8587 0.7249 0.7242
4.1929 0.7882 0.835
-3.5609 1.8632 6.6229
-3.8549 1.7747 6.0722
-7.706 -0.9194 3.4631
-7.3693 1.2544 1.2114
-7.9427 1.5299 2.7016
-6.4275 -1.2316 0.0844
-5.6734 -0.7291 0.2387
-5.3703 -0.9675 0.0674
4.1561 1.096 5.2319
-7.8418 1.5974 4.3882
-7.4478 2.0195 3.8196
-7.833 -1.5575 4.3979
9.2154 -0.9604 14.1627
11.7267 0.5474 10.3451
-7.533 -1.1089 4.1451
-7.7304 -1.3707 4.6103
4.4597 1.5169 0.9266
5.4009 1.2359 0.4323
5.1824 2.8835 7.751
11.8789 -0.7753 10.4456
11.3237 -1.0275 10.4601
11.7267 -0.5757 10.3451
-10.5647 -0.0141 10.1155
-12.4004 -0.5127 10.2973
-12.1162 -0.7805 10.7279
-9.5348 -0.9331 10.858
-2.5941 -3.0417 9.4401
-0.8487 -3.0352 9.4921
-2.549 -2.8027 10.2813
-0.5443 -0.0141 5.067
-1.5959 -0.0141 5.2766
-0.579 0.6006 5.1374
3.3459 1.2926 0.3598
-7.6829 -1.9237 5.0252
-7.0869 0.8593 1.4345
-7.7268 -1.3724 5.3799
-8.1425 1.5153 3.3396
-7.5678 1.9467 2.8892
9.1765 1.6259 10.1498
-20.6269 -0.7075 10.574
11.3112 0.4409 12.345
11.3342 0.4174 12.1755
11.2834 0.5344 12.4932
-8.8324 1.9284 8.7988
-9.0977 1.3713 8.6798
-8.8698 1.9056 9.5605
-7.8689 -1.7027 5.5479
4.7267 -2.2149 0.629
4.4877 -2.2795 0.3887
10.1429 -1.8067 14.7011
9.5777 -1.4978 14.2136
10.2013 -1.2733 13.7993
11.7255 0.8091 12.519
-7.9421 -1.1988 6.3839
-4.0801 0.7461 12.9739
-5.8924 -0.0141 12.9028
-7.879 -2.1021 6.0616
-7.6689 -0.5308 6.7869
4.7376 0.4475 12.4989
4.9885 -0.4545 12.5253
6.0506 0.3973 12.7538
-8.2354 -1.6658 6.548
-8.3397 -1.0653 7.1463
-8.4536 -0.4157 7.6016
-9.0097 -0.7442 8.5432
-8.7495 -0.866 7.7964
-7.7267 1.3441 5.3798
-6.8009 0.7221 4.9041
-9.1657 0.3938 9.8806
-9.1989 -0.5945 10.1227
1.7344 1.0404 12.36
-8.2613 1.341 3.1804
-9.1442 -0.7845 9.3913
-9.0806 -1.1082 10.1654
7.9706 0.9326 13.6867
6.8923 0.9562 13.0073
8.5596 0.4315 14.0959
8.5525 -0.2617 14.1291
-9.1362 -1.2824 9.4291
-8.8538 -1.7755 10.2853
-9.0977 -1.3996 8.6798
-8.8698 -1.9338 9.5605
-8.0835 -1.9482 11.364
-8.8324 -1.9566 8.7988
-8.135 -2.3735 10.4519
-8.833 -1.5008 7.79
-8.0567 -2.5217 9.6622
-7.8837 -2.6015 8.6152
3.3642 1.094 4.4653
3.4142 1.1306 3.3402
-9.3787 -0.0141 10.0895
-9.5723 -0.6017 10.3972
-8.5532 -2.0458 7.8349
11.7279 -0.7285 12.8607
11.7376 -0.7338 12.8415
11.1238 -0.0141 10.4315
-5.8148 1.479 0.8749
-7.5968 -2.5528 6.8401
7.0515 1.3797 12.8407
0.7224 1.1912 12.4033
-3.6047 2.7712 9.8632
-3.8154 2.3446 11.078
-2.549 2.7744 10.2813
12.035 0.8707 10.9387
12.0671 0.8527 10.9211
12.0393 0.8562 10.914
-6.2079 2.9688 9.5514
-5.8511 2.8414 10.7366
4.2211 -2.1041 0.7525
3.9911 -2.1876 0.4501
-6.56 -2.9367 6.7493
-5.4094 -3.0053 5.9551
-6.7551 -2.9577 7.6944
-5.5116 -3.212 6.8795
-4.6659 -3.0198 6.0074
11.2235 1.3825 12.2368
-5.6763 -3.2686 7.786
-4.7332 -3.3099 7.3908
-3.9538 -3.2676 7.5693
-3.2396 2.4419 7.1757
-3.5115 2.9284 7.0437
-3.274 2.7833 7.8086
-4.9669 -3.2864 8.5644
4.1478 2.1813 3.3388
4.2344 1.7167 2.6602
6.1781 1.9155 6.4517
6.1407 1.2553 6.3876
-6.2076 -2.9973 9.5504
2.2058 2.5845 6.8581
-4.1714 -3.2461 8.6834
1.5441 1.9757 5.9191
-7.156 -2.7832 9.6435
12.0189 -0.0141 10.3386
12.0008 -0.1262 10.3425
10.1184 2.3788 12.01
9.335 2.5559 12.002
8.8872 2.3991 13.7367
2.7476 1.1587 5.452
2.804 1.2392 4.7624
3.71 0.8848 5.6754
-5.8509 -2.8697 10.7367
1.765 1.3543 5.5228
2.1758 1.5194 5.5678
2.6958 0.8224 5.5281
-7.2538 -2.2422 11.5517
-9.1362 1.2541 9.4291
-5.8946 -2.5183 11.5925
-7.2731 -1.7146 12.1988
-8.1616 -1.4863 11.8325
-6.2391 -2.0835 12.0907
-0.3662 2.7566 10.3339
-7.165 -0.8328 12.537
-7.2276 -0.0141 12.579
-5.6683 -1.5949 12.4358
-5.8053 -0.8078 12.7878
-5.1874 -2.3599 11.7432
-4.0801 -0.7744 12.9739
-3.9116 -1.3975 12.5617
-2.3047 -0.7509 12.9584
-1.1657 -1.2228 12.5927
-4.8135 -1.991 12.0469
-0.5298 -0.7084 12.8169
-0.7598 -0.0141 13.0642
1.7344 -1.0687 12.36
0.6845 -0.0141 12.783
0.7224 -1.2194 12.4033
1.7826 -0.5367 12.4752
6.1289 1.0506 12.5972
2.9931 -1.1611 12.4176
3.6548 0.7491 1.2847
3.789 0.8019 0.3596
3.9223 -0.5116 12.4637
3.9705 -1.2441 12.4711
-5.3703 0.9392 0.0674
5.1051 -1.1912 12.4436
6.0658 -0.5384 12.7378
6.7701 0.3098 13.0908
6.1289 -1.0789 12.5972
6.7671 -0.4437 13.0679
7.8992 0.2066 13.8391
6.2225 -1.5176 12.3092
7.8828 -0.6484 13.7468
6.892 -0.9845 13.0071
8.8962 -2.4792 13.0222
-2.6096 -1.183 5.9516
-2.5764 -1.7951 6.4215
-3.2837 -1.5691 6.4472
7.8315 2.1779 10.9338
-9.0918 -1.0533 10.7298
-8.5532 2.0175 7.8349
-7.5968 2.5245 6.8401
-8.0835 1.92 11.364
7.9537 0.6545 8.4599
7.3657 -0.1447 7.4069
7.0509 -1.4079 12.8404
11.7279 0.7003 12.8607
11.9137 1.6137 13.1879
11.7376 0.7055 12.8415
4.0561 1.8568 12.217
5.1853 1.6907 12.1803
-2.7113 0.5454 5.7116
7.0772 -1.8818 12.2295
12.0441 -0.1516 10.7759
12.0666 -0.0176 10.5601
12.0708 -0.0141 10.781
8.5125 -2.3458 12.6299
-2.4021 -2.603 7.1013
-1.4991 -2.6889 6.9683
7.7743 -2.1801 12.0646
9.6155 2.3344 12.7855
-6.56 2.9084 6.7493
8.3264 -2.4084 11.8845
7.103 -2.1297 11.4689
3.0875 1.1995 2.7756
7.8315 -2.2061 10.9338
2.836 1.5598 2.5611
2.7691 2.0161 3.0503
8.5697 -2.385 11.1272
9.3978 -2.5148 11.3066
9.9812 1.7756 13.4549
9.2771 2.4785 12.8247
9.4825 -2.2355 10.7861
8.8094 -2.1252 10.5264
10.8321 -1.8918 11.2407
0.6256 2.031 5.847
9.1765 -1.6541 10.1498
10.5991 -1.5818 10.7292
8.1648 -1.9718 10.1295
8.0411 -1.6262 9.4078
7.1544 -2.2157 10.3547
11.6081 0.2568 10.624
9.2822 -1.3169 9.9255
7.54 -1.9885 9.6935
8.0144 -1.2345 8.8939
5.1042 1.5196 0.8297
4.5692 1.8138 0.7984
8.5624 -0.7605 9.0897
-6.9971 1.9682 2.5785
9.2554 -0.8807 9.6253
-3.8892 -2.4421 5.6178
10.2726 -0.7616 10.0339
-0.5298 0.6801 12.8169
0.953 2.3223 11.2522
2.026 2.4213 11.2347
9.5395 -0.4633 9.6143
11.4193 -0.4785 10.0702
3.4881 0.9883 1.9665
11.9195 1.4389 13.5678
11.6814 0.6625 12.9822
11.6985 0.6677 12.969
3.8364 2.54 3.6652
7.9493 -0.7288 8.4755
12.3919 -0.2135 10.9879
12.168 -0.325 10.5258
6.9864 2.1145 9.1847
10.3689 -0.3229 9.8984
10.3437 0.2418 9.8776
11.7069 -0.0648 9.9388
3.9995 -1.3926 0.0135
3.5973 -1.5118 0.0871
3.789 -0.8302 0.3596
4.7267 2.1867 0.629
11.895 -0.4624 12.7352
12.1114 -0.1837 12.1788
-6.7225 0.9149 2.0035
-6.5257 0.9251 1.2709
6.9894 -0.4622 6.9171
6.7172 0.015 6.3686
-6.765 1.9064 0.4123
6.554 -0.9459 6.7218
12.0692 0.0588 10.2619
12.0252 -0.3596 10.4033
6.8643 -1.1014 7.1771
-9.0806 1.0799 10.1654
-3.3998 -2.9686 8.6654
11.6814 -0.6907 12.9822
11.668 -0.7037 12.9702
11.9196 -1.4672 13.5678
11.6559 0.5106 13.1381
11.8884 0.3719 10.7865
11.9686 0.2592 10.7722
11.7921 0.3255 10.7916
7.2514 -1.6935 8.4849
3.9039 3.1732 6.8834
6.7267 -1.8368 7.2186
6.9864 -2.1428 9.1847
6.1895 -2.4858 7.7745
6.4424 -2.4095 9.6399
-9.2496 0.6055 10.2542
-9.5723 0.5735 10.3972
6.023 -2.4802 10.2756
-21.3246 -0.0141 11.2572
-20.5951 -0.3981 11.1641
-18.0424 -0.0141 11.2913
5.1824 -2.9118 7.7508
4.7055 -3.0139 9.1958
6.3862 -2.2583 11.0567
6.2519 -1.922 11.7663
5.2757 -2.323 11.3244
5.043 -2.6979 10.3778
5.1853 -1.7191 12.1803
3.978 -2.4829 11.426
4.0561 -1.885 12.217
3.0739 -1.8237 12.2265
2.0287 -1.8811 11.9689
3.1007 -2.5049 11.4163
0.8328 -1.8113 11.9856
2.026 -2.4496 11.2347
0.953 -2.3506 11.2522
-3.242 -1.7135 12.1645
-0.558 -2.4107 11.2344
-3.8152 -2.373 11.0779
-7.2538 2.2139 11.5517
-0.3662 -2.7849 10.3339
0.9021 -2.6922 10.3734
12.1493 -0.0057 10.6409
2.0694 -2.7433 10.4285
0.9166 -2.926 9.477
2.9851 -2.8027 10.5018
2.1041 -2.9153 9.4348
0.8401 -3.0277 8.4067
3.9587 -2.8137 10.461
3.151 -3.0011 9.5377
3.9004 -3.1147 9.3657
9.7827 -1.6753 14.7183
10.0352 -2.0719 15.0677
4.3203 -3.1969 8.1484
3.6843 -3.2123 8.4025
2.2881 2.422 5.3643
2.4432 1.7128 4.6412
1.9982 -2.9107 8.4793
2.6418 -2.8572 7.9383
2.9897 -3.0303 7.9643
6.5683 0.9372 6.7464
1.8837 -2.7778 7.6876
4.4877 2.2513 0.3887
3.0082 -3.1697 6.7487
2.431 -2.9155 6.7528
3.904 -3.2014 6.8835
-4.8752 1.7706 0.1404
-5.1185 1.9938 0.2891
-5.035 1.6919 0.6877
-5.4052 1.7222 0.8882
-5.2594 1.5132 0.8239
-5.1887 -2.7561 11.0441
9.4203 -2.6161 13.538
4.5685 -3.0246 6.4685
3.4555 -3.2222 5.7743
4.1673 -2.9991 5.6845
5.279 -2.6157 6.0959
2.7679 -3.077 5.7241
5.6833 -2.5997 6.8464
5.7117 -1.8725 5.9108
6.1781 -1.9438 6.4517
6.1407 -1.2835 6.3876
9.4827 2.2072 10.7862
6.0947 -0.9161 6.3666
5.3205 -1.286 5.7284
5.1618 -0.8833 5.9535
5.2597 -1.8896 5.5249
4.9421 -0.3374 5.6719
5.1668 0.0487 5.6672
-4.7332 3.2816 7.3907
-3.9538 3.2393 7.5693
-4.6659 2.9915 6.0074
12.3258 0.4446 11.3701
4.4749 -0.8631 5.7709
4.1561 -1.1242 5.2319
4.5867 -1.4507 5.0862
3.84 -1.2622 4.4939
4.7226 -2.0184 5.0244
4.2141 -1.5813 4.4768
2.7679 3.0488 5.7242
4.6054 -2.4833 5.1431
4.3499 -2.051 4.3266
4.2261 -2.4757 4.3618
3.399 1.6963 0.3379
-4.1714 3.2178 8.6834
-4.9664 3.2582 8.5638
-5.3815 2.216 0.3139
4.0886 -1.4618 2.816
3.7944 -1.2409 3.138
-5.6762 3.2404 7.785
-6.7545 2.9296 7.6939
-0.4384 2.6738 6.8141
4.2344 -1.745 2.6602
0.763 -0.0141 5.0423
2.389 0.4359 5.3601
2.6835 -0.0141 5.3637
3.8498 -1.0734 1.9366
0.6759 1.3629 5.3552
4.1566 -1.2184 1.5075
4.1478 -2.2095 3.3384
4.1568 -1.8849 1.5667
4.3012 -1.5211 1.3692
8.0144 1.2062 8.894
3.8704 -2.1811 2.2197
3.8364 -2.5685 3.6657
4.1673 2.9708 5.6845
-8.1616 1.458 11.8325
8.8962 2.4509 13.0222
3.3083 -2.8697 4.3381
-5.8053 0.7796 12.7878
2.7995 -2.8187 4.6823
11.4306 1.3066 11.1744
2.1688 -2.6693 6.0157
2.2881 -2.4503 5.3642
1.9961 -2.1225 6.0307
-7.6689 0.5026 6.7869
2.2058 -2.6128 6.8581
2.1758 -1.5477 5.5678
1.6446 -2.5232 6.7998
1.5441 -2.004 5.9191
0.7824 -2.9206 7.5931
0.6721 -2.6389 6.7984
1.765 -1.3825 5.5228
0.6256 -2.0594 5.847
-0.4384 -2.7021 6.8141
-0.3774 -2.9661 7.5573
-2.7123 -0.0141 5.6422
-1.6318 0.5531 5.3372
-0.5796 -2.0735 5.8285
-1.5403 -1.9637 6.0796
-0.6069 -1.3906 5.3695
0.6759 -1.3912 5.3552
-1.6179 -1.2217 5.5698
-0.579 -0.6289 5.1374
-1.6318 -0.5814 5.3372
-2.7113 -0.5736 5.7116
0.6384 -0.6362 5.1304
2.3886 -0.4642 5.3601
11.0796 -1.3355 13.3065
-8.833 1.4725 7.7899
2.6958 -0.8507 5.5281
2.7476 -1.187 5.452
2.804 -1.2675 4.7624
2.4431 -1.7411 4.6413
-8.7495 0.8376 7.7964
-4.06 2.8575 9.7519
3.0874 -1.2278 2.7761
2.836 -1.588 2.5611
11.898 -0.3089 10.3598
-3.2396 -2.4702 7.1757
-3.8779 -0.6176 6.0164
2.7691 -2.0444 3.0503
3.1493 -2.2193 2.5372
3.5347 -2.2659 2.349
11.4573 -0.8556 12.1488
11.7587 -0.683 12.3969
11.4835 -0.8715 12.2488
3.399 -1.7246 0.3379
3.5898 -1.9496 0.3771
-3.5762 3.0858 7.7219
-7.8835 2.5733 8.6139
9.4203 2.5878 13.538
11.4336 -0.7809 10.376
11.8787 -0.1371 10.6082
2.9408 -1.9258 1.9341
-0.5582 2.3825 11.2344
12.0441 0.1233 10.7759
11.0797 1.3072 13.3065
-7.153 0.8042 3.4279
-6.9188 0.8539 4.1836
4.0886 1.4336 2.8165
2.8535 -1.6771 1.8615
3.2344 -1.0759 1.7032
3.911 0.8056 1.3489
2.9847 -1.5538 1.6875
11.3342 -0.4456 12.1755
11.2834 -0.5626 12.4932
-12.1805 -0.7144 11.1593
3.1783 -1.9985 1.6332
5.1195 -1.6421 0.1238
5.1664 -1.1754 0.1686
5.3833 -1.3379 0.4179
3.3454 -0.9905 0.9195
11.1046 -1.7291 12.7027
9.7827 1.6469 14.7181
9.9657 1.2723 14.3557
-16.4012 -0.7412 10.5576
3.3459 -1.3208 0.3598
12.5777 0.1708 11.4626
11.2128 1.0528 12.6211
11.898 0.2807 10.3598
11.9704 0.2175 10.572
12.0008 0.0978 10.3425
3.6656 -2.1244 1.3269
9.2822 1.2886 9.9255
9.4253 1.4958 14.429
4.0026 -2.0522 1.2887
11.8109 0.368 10.7918
11.8504 0.3953 10.7904
11.3925 -1.1095 12.0038
-5.5116 3.1837 6.8795
4.395 -1.7017 0.9202
0.6384 0.6079 5.1304
11.7568 0.6922 12.9001
11.7397 0.6898 12.9139
11.6074 -0.852 12.5157
11.2053 -1.2451 12.5365
9.5488 -1.4724 13.8575
4.5085 -1.2378 0.9354
3.9109 -0.8339 1.3489
11.2561 -1.6633 11.7686
12.1388 0.7683 11.1432
12.1473 0.7581 11.1192
12.1147 0.7742 11.1318
9.6011 -2.4097 14.6548
4.1929 -0.8165 0.8351
3.9705 1.2158 12.4711
5.1051 1.1628 12.4436
12.4279 0.1369 11.1568
4.8586 -0.7532 0.7242
11.9333 0.0356 10.5057
5.1391 -1.1998 0.8553
10.2726 0.7334 10.0339
10.393 1.279 13.6633
4.2955 0.6321 0.4262
5.1042 -1.5479 0.8297
-3.6046 -2.7995 9.8629
5.386 -1.7429 0.3578
11.8965 0.4558 10.3363
-6.3019 0.7565 0.6013
11.5492 -1.2295 12.8843
5.0444 -1.8462 0.7788
-8.3397 1.0371 7.1463
4.9384 -1.9901 0.4981
11.4444 -1.0812 12.4162
-8.2541 0.6935 12.1866
8.4804 0.8262 9.0621
11.3112 -0.4692 12.345
3.71 -0.9131 5.6754
-6.302 -0.7848 0.6013
-5.7208 -0.7092 0.5183
4.4545 -1.0694 0.1402
-5.2544 -0.7987 0.3915
-5.0465 -1.1054 0.4325
-4.8515 -1.3939 0.3521
-5.0206 -1.3413 0.747
-5.2594 -1.5415 0.8239
-7.7303 1.3425 4.6104
-4.8752 -1.7988 0.1404
-5.035 -1.7202 0.6877
-5.1185 -2.0221 0.2891
-5.2234 -1.952 0.651
-5.5447 -2.0464 0.0246
-5.3815 -2.2442 0.3139
-6.065 -2.2066 0.2235
-5.4052 -1.7505 0.8882
-5.6333 -2.1597 0.7279
3.8498 1.0451 1.9364
3.7944 1.2126 3.1383
-6.3271 -1.8914 0.1078
-7.1669 2.3934 5.1766
9.6446 -2.7121 14.2939
9.5897 -2.3547 13.4616
-3.9539 2.8405 6.0528
-4.0598 -2.8859 9.7513
9.2336 -1.886 13.9143
-4.8135 1.9627 12.0469
4.1566 1.1901 1.5075
9.3384 -2.0979 13.5739
11.3487 0.4672 12.0109
-7.533 1.0805 4.1451
9.2597 2.3383 14.3025
4.1957 0.3621 5.5762
3.6548 -0.7774 1.2848
10.3362 -1.1662 13.8666
11.7921 -0.3538 10.7916
11.8504 -0.4237 10.7904
11.8109 -0.3964 10.7918
3.3642 -1.1223 4.4656
3.4142 -1.1589 3.3408
3.4881 -1.0166 1.9667
11.5054 1.0539 12.4162
11.4171 1.232 12.3876
11.8831 0.111 10.3505
11.668 0.6754 12.9702
11.6851 0.6807 12.957
4.4749 0.8348 5.7709
-6.5257 -0.9535 1.2713
11.1796 1.5674 12.2356
11.3144 1.3369 12.3512
11.292 1.3671 12.2631
-6.7224 -0.9432 2.0035
-7.0524 -0.7805 2.9797
-7.1531 -0.8325 3.4279
4.3012 1.4927 1.3692
-5.2234 1.9236 0.651
-6.919 -0.8823 4.1832
-6.801 -0.7503 4.9043
-4.9231 1.513 4.5861
-6.1084 1.514 3.5484
-7.042 -0.6001 6.0277
10.3362 1.1379 13.8666
4.8792 2.1539 0.2558
-6.6644 -0.9902 2.8098
-3.9116 1.3692 12.5617
-6.1398 -0.9802 0.8674
-5.6333 2.1314 0.7279
4.5685 2.9963 6.4685
-6.9243 2.1262 3.5162
-3.5608 -1.8916 6.623
12.0628 0.8673 10.9458
12.4947 -0.2748 11.4489
12.3614 -0.1929 11.3128
11.9906 -0.7754 10.8176
12.0045 -0.7543 10.8019
12.0163 -0.7819 10.8312
-5.0992 1.0602 0.1414
-21.3169 -0.0141 10.1988
11.4306 -1.3349 11.1744
11.8638 0.2889 10.3625
-20.5482 -0.4631 10.2755
-5.478 -0.9036 0.7526
11.5492 1.2012 12.8843
-5.8148 -1.5073 0.8749
-5.3533 -1.339 0.8784
11.4952 0.7803 12.0805
11.4642 0.8154 12.0077
12.1232 0.7639 11.1079
11.587 -0.6692 11.9114
11.5386 0.9521 12.3917
-5.0408 0.438 5.9311
-5.1308 0.779 5.6418
11.2128 -1.0811 12.6211
11.2299 -0.8938 12.6426
11.5493 0.8736 12.3659
-6.0915 -2.0358 0.7646
-4.9644 1.3607 0.1033
11.6851 -0.7089 12.957
11.6985 -0.696 12.969
11.9403 0.116 10.7796
11.9906 0.7471 10.8176
12.0163 0.7537 10.8312
12.0045 0.7261 10.8019
11.3487 -0.4956 12.0109
11.7574 0.6988 12.8498
11.7472 0.6935 12.869
11.3273 0.9343 11.7698
11.8189 0.2757 10.7923
11.7269 -0.7295 12.8999
11.744 -0.7318 12.8862
11.4086 -0.8959 12.0077
11.4096 -0.9806 11.9915
-4.3837 1.2805 5.8352
-3.6244 -2.1845 6.0858
12.2147 -0.6522 10.9661
12.2062 -0.6691 10.9861
12.1901 -0.6546 10.9534
11.8248 0.258 10.3625
11.2091 1.3326 12.4017
-5.1886 2.7278 11.0441
12.035 -0.899 10.9387
12.0393 -0.8845 10.914
12.0671 -0.881 10.9211
12.0628 -0.8956 10.9458
11.231 -1.3245 12.2631
11.3273 -0.9627 11.7698
11.8189 -0.304 10.7923
11.9628 -0.0141 10.7798
12.0302 0.7325 10.8155
10.7207 0.1191 10.4672
11.9403 -0.1443 10.7796
11.2374 -1.3209 12.1727
11.4776 -1.0021 12.3917
11.4888 -0.941 12.3659
12.1232 -0.7922 11.1079
11.8884 -0.4002 10.7865
11.2551 -0.7118 12.5976
12.0302 -0.7608 10.8155
11.6586 0.3181 10.5489
12.1816 -0.6714 10.9735
12.2147 0.624 10.9661
12.1901 0.6263 10.9534
12.2062 0.6408 10.9861
11.3021 1.1164 11.8147
-12.4015 0.4844 10.2973
-12.1162 0.7522 10.728
-12.1805 0.6861 11.1593
-11.566 0.3942 11.54
11.2091 -1.3609 12.4017
-17.5368 0.4657 10.2178
-16.4009 0.713 10.5576
11.5439 0.7841 12.2488
11.331 1.3273 12.0996
-16.6941 0.3819 11.183
-16.6071 0.6552 10.9341
-20.5482 0.4349 10.2755
-20.6266 0.6793 10.574
10.771 -0.2421 10.396
-20.5782 0.6349 10.9273
-21.3387 0.3545 11.1571
11.2984 1.3624 12.1727
-21.8727 0.3786 10.3812
-21.7023 0.6059 10.6291
-21.7649 0.5584 10.8979
-5.9251 0.2881 5.9634
-6.0406 0.5539 5.6161
-6.2728 0.8729 4.0907
-5.4602 1.1191 4.3216
-6.2937 1.1156 3.4595
-6.5857 0.889 3.4253
-6.6644 0.9619 2.8098
-6.5216 1.2739 2.7797
-6.4972 1.3345 2.005
-6.1684 1.3394 1.0482
11.8638 -0.3171 10.3625
-6.1398 0.9519 0.8673
-5.7207 0.6809 0.5183
-5.4781 0.8753 0.7526
-5.2544 0.7704 0.3915
-5.0465 1.0771 0.4325
-5.3533 1.3107 0.8784
-5.0206 1.313 0.747
-4.8516 1.3656 0.3521
12.1816 0.643 10.9735
-6.6114 1.6964 1.9501
-6.6623 1.7452 2.8032
-6.3418 1.994 3.6434
-6.0021 2.3406 4.2088
